1 1 5 9 13 16 19
1 1 5 9 13 16 20
1 1 5 9 13 16 21
1 1 5 9 13 17 19
1 1 5 9 13 17 20
1 1 5 9 13 17 21
1 1 5 9 13 18 19
1 1 5 9 13 18 20
1 1 5 9 13 18 21
1 1 5 9 14 16 19
1 1 5 9 14 16 20
1 1 5 9 14 16 21
1 1 5 9 14 17 19
1 1 5 9 14 17 20
1 1 5 9 14 17 21
1 1 5 9 14 18 19
1 1 5 9 14 18 20
1 1 5 9 14 18 21
1 1 5 9 15 16 19
1 1 5 9 15 16 20
1 1 5 9 15 16 21
1 1 5 9 15 17 19
1 1 5 9 15 17 20
1 1 5 9 15 17 21
1 1 5 9 15 18 19
1 1 5 9 15 18 20
1 1 5 9 15 18 21
1 1 5 10 13 16 19
1 1 5 10 13 16 20
1 1 5 10 13 16 21
1 1 5 10 13 17 19
1 1 5 10 13 17 20
1 1 5 10 13 17 21
1 1 5 10 13 18 19
1 1 5 10 13 18 20
1 1 5 10 13 18 21
1 1 5 10 14 16 19
1 1 5 10 14 16 20
1 1 5 10 14 16 21
1 1 5 10 14 17 19
1 1 5 10 14 17 20
1 1 5 10 14 17 21
1 1 5 10 14 18 19
1 1 5 10 14 18 20
1 1 5 10 14 18 21
1 1 5 10 15 16 19
1 1 5 10 15 16 20
1 1 5 10 15 16 21
1 1 5 10 15 17 19
1 1 5 10 15 17 20
1 1 5 10 15 17 21
1 1 5 10 15 18 19
1 1 5 10 15 18 20
1 1 5 10 15 18 21
1 1 5 11 13 16 19
1 1 5 11 13 16 20
1 1 5 11 13 16 21
1 1 5 11 13 17 19
1 1 5 11 13 17 20
1 1 5 11 13 17 21
1 1 5 11 13 18 19
1 1 5 11 13 18 20
1 1 5 11 13 18 21
1 1 5 11 14 16 19
1 1 5 11 14 16 20
1 1 5 11 14 16 21
1 1 5 11 14 17 19
1 1 5 11 14 17 20
1 1 5 11 14 17 21
1 1 5 11 14 18 19
1 1 5 11 14 18 20
1 1 5 11 14 18 21
1 1 5 11 15 16 19
1 1 5 11 15 16 20
1 1 5 11 15 16 21
1 1 5 11 15 17 19
1 1 5 11 15 17 20
1 1 5 11 15 17 21
1 1 5 11 15 18 19
1 1 5 11 15 18 20
1 1 5 11 15 18 21
1 1 5 12 13 16 19
1 1 5 12 13 16 20
1 1 5 12 13 16 21
1 1 5 12 13 17 19
1 1 5 12 13 17 20
1 1 5 12 13 17 21
1 1 5 12 13 18 19
1 1 5 12 13 18 20
1 1 5 12 13 18 21
1 1 5 12 14 16 19
1 1 5 12 14 16 20
1 1 5 12 14 16 21
1 1 5 12 14 17 19
1 1 5 12 14 17 20
1 1 5 12 14 17 21
1 1 5 12 14 18 19
1 1 5 12 14 18 20
1 1 5 12 14 18 21
1 1 5 12 15 16 19
1 1 5 12 15 16 20
1 1 5 12 15 16 21
1 1 5 12 15 17 19
1 1 5 12 15 17 20
1 1 5 12 15 17 21
1 1 5 12 15 18 19
1 1 5 12 15 18 20
1 1 5 12 15 18 21
1 1 6 9 13 16 19
1 1 6 9 13 16 20
1 1 6 9 13 16 21
1 1 6 9 13 17 19
1 1 6 9 13 17 20
1 1 6 9 13 17 21
1 1 6 9 13 18 19
1 1 6 9 13 18 20
1 1 6 9 13 18 21
1 1 6 9 14 16 19
1 1 6 9 14 16 20
1 1 6 9 14 16 21
1 1 6 9 14 17 19
1 1 6 9 14 17 20
1 1 6 9 14 17 21
1 1 6 9 14 18 19
1 1 6 9 14 18 20
1 1 6 9 14 18 21
1 1 6 9 15 16 19
1 1 6 9 15 16 20
1 1 6 9 15 16 21
1 1 6 9 15 17 19
1 1 6 9 15 17 20
1 1 6 9 15 17 21
1 1 6 9 15 18 19
1 1 6 9 15 18 20
1 1 6 9 15 18 21
1 1 6 10 13 16 19
1 1 6 10 13 16 20
1 1 6 10 13 16 21
1 1 6 10 13 17 19
1 1 6 10 13 17 20
1 1 6 10 13 17 21
1 1 6 10 13 18 19
1 1 6 10 13 18 20
1 1 6 10 13 18 21
1 1 6 10 14 16 19
1 1 6 10 14 16 20
1 1 6 10 14 16 21
1 1 6 10 14 17 19
1 1 6 10 14 17 20
1 1 6 10 14 17 21
1 1 6 10 14 18 19
1 1 6 10 14 18 20
1 1 6 10 14 18 21
1 1 6 10 15 16 19
1 1 6 10 15 16 20
1 1 6 10 15 16 21
1 1 6 10 15 17 19
1 1 6 10 15 17 20
1 1 6 10 15 17 21
1 1 6 10 15 18 19
1 1 6 10 15 18 20
1 1 6 10 15 18 21
1 1 6 11 13 16 19
1 1 6 11 13 16 20
1 1 6 11 13 16 21
1 1 6 11 13 17 19
1 1 6 11 13 17 20
1 1 6 11 13 17 21
1 1 6 11 13 18 19
1 1 6 11 13 18 20
1 1 6 11 13 18 21
1 1 6 11 14 16 19
1 1 6 11 14 16 20
1 1 6 11 14 16 21
1 1 6 11 14 17 19
1 1 6 11 14 17 20
1 1 6 11 14 17 21
1 1 6 11 14 18 19
1 1 6 11 14 18 20
1 1 6 11 14 18 21
1 1 6 11 15 16 19
1 1 6 11 15 16 20
1 1 6 11 15 16 21
1 1 6 11 15 17 19
1 1 6 11 15 17 20
1 1 6 11 15 17 21
1 1 6 11 15 18 19
1 1 6 11 15 18 20
1 1 6 11 15 18 21
1 1 6 12 13 16 19
1 1 6 12 13 16 20
1 1 6 12 13 16 21
1 1 6 12 13 17 19
1 1 6 12 13 17 20
1 1 6 12 13 17 21
1 1 6 12 13 18 19
1 1 6 12 13 18 20
1 1 6 12 13 18 21
1 1 6 12 14 16 19
1 1 6 12 14 16 20
1 1 6 12 14 16 21
1 1 6 12 14 17 19
1 1 6 12 14 17 20
1 1 6 12 14 17 21
1 1 6 12 14 18 19
1 1 6 12 14 18 20
1 1 6 12 14 18 21
1 1 6 12 15 16 19
1 1 6 12 15 16 20
1 1 6 12 15 16 21
1 1 6 12 15 17 19
1 1 6 12 15 17 20
1 1 6 12 15 17 21
1 1 6 12 15 18 19
1 1 6 12 15 18 20
1 1 6 12 15 18 21
1 1 7 9 13 16 19
1 1 7 9 13 16 20
1 1 7 9 13 16 21
1 1 7 9 13 17 19
1 1 7 9 13 17 20
1 1 7 9 13 17 21
1 1 7 9 13 18 19
1 1 7 9 13 18 20
1 1 7 9 13 18 21
1 1 7 9 14 16 19
1 1 7 9 14 16 20
2 1 7 9 14 16 21
1 1 7 9 14 17 19
1 1 7 9 14 17 20
2 1 7 9 14 17 21
1 1 7 9 14 18 19
2 1 7 9 14 18 20
2 1 7 9 14 18 21
1 1 7 9 15 16 19
1 1 7 9 15 16 20
1 1 7 9 15 16 21
1 1 7 9 15 17 19
1 1 7 9 15 17 20
2 1 7 9 15 17 21
1 1 7 9 15 18 19
2 1 7 9 15 18 20
2 1 7 9 15 18 21
1 1 7 10 13 16 19
1 1 7 10 13 16 20
1 1 7 10 13 16 21
1 1 7 10 13 17 19
1 1 7 10 13 17 20
1 1 7 10 13 17 21
1 1 7 10 13 18 19
1 1 7 10 13 18 20
1 1 7 10 13 18 21
1 1 7 10 14 16 19
1 1 7 10 14 16 20
2 1 7 10 14 16 21
1 1 7 10 14 17 19
1 1 7 10 14 17 20
2 1 7 10 14 17 21
1 1 7 10 14 18 19
2 1 7 10 14 18 20
2 1 7 10 14 18 21
1 1 7 10 15 16 19
1 1 7 10 15 16 20
2 1 7 10 15 16 21
1 1 7 10 15 17 19
2 1 7 10 15 17 20
2 1 7 10 15 17 21
1 1 7 10 15 18 19
2 1 7 10 15 18 20
2 1 7 10 15 18 21
1 1 7 11 13 16 19
1 1 7 11 13 16 20
1 1 7 11 13 16 21
1 1 7 11 13 17 19
1 1 7 11 13 17 20
1 1 7 11 13 17 21
1 1 7 11 13 18 19
1 1 7 11 13 18 20
1 1 7 11 13 18 21
1 1 7 11 14 16 19
1 1 7 11 14 16 20
2 1 7 11 14 16 21
1 1 7 11 14 17 19
2 1 7 11 14 17 20
2 1 7 11 14 17 21
1 1 7 11 14 18 19
2 1 7 11 14 18 20
2 1 7 11 14 18 21
1 1 7 11 15 16 19
1 1 7 11 15 16 20
2 1 7 11 15 16 21
1 1 7 11 15 17 19
2 1 7 11 15 17 20
2 1 7 11 15 17 21
1 1 7 11 15 18 19
2 1 7 11 15 18 20
2 1 7 11 15 18 21
1 1 7 12 13 16 19
1 1 7 12 13 16 20
1 1 7 12 13 16 21
1 1 7 12 13 17 19
1 1 7 12 13 17 20
1 1 7 12 13 17 21
1 1 7 12 13 18 19
1 1 7 12 13 18 20
1 1 7 12 13 18 21
1 1 7 12 14 16 19
1 1 7 12 14 16 20
2 1 7 12 14 16 21
1 1 7 12 14 17 19
2 1 7 12 14 17 20
2 1 7 12 14 17 21
1 1 7 12 14 18 19
2 1 7 12 14 18 20
2 1 7 12 14 18 21
1 1 7 12 15 16 19
1 1 7 12 15 16 20
2 1 7 12 15 16 21
1 1 7 12 15 17 19
2 1 7 12 15 17 20
2 1 7 12 15 17 21
1 1 7 12 15 18 19
2 1 7 12 15 18 20
2 1 7 12 15 18 21
1 1 8 9 13 16 19
1 1 8 9 13 16 20
1 1 8 9 13 16 21
1 1 8 9 13 17 19
1 1 8 9 13 17 20
1 1 8 9 13 17 21
1 1 8 9 13 18 19
1 1 8 9 13 18 20
1 1 8 9 13 18 21
1 1 8 9 14 16 19
1 1 8 9 14 16 20
2 1 8 9 14 16 21
1 1 8 9 14 17 19
1 1 8 9 14 17 20
2 1 8 9 14 17 21
1 1 8 9 14 18 19
2 1 8 9 14 18 20
2 1 8 9 14 18 21
1 1 8 9 15 16 19
1 1 8 9 15 16 20
1 1 8 9 15 16 21
1 1 8 9 15 17 19
1 1 8 9 15 17 20
2 1 8 9 15 17 21
1 1 8 9 15 18 19
2 1 8 9 15 18 20
2 1 8 9 15 18 21
1 1 8 10 13 16 19
1 1 8 10 13 16 20
1 1 8 10 13 16 21
1 1 8 10 13 17 19
1 1 8 10 13 17 20
1 1 8 10 13 17 21
1 1 8 10 13 18 19
1 1 8 10 13 18 20
1 1 8 10 13 18 21
1 1 8 10 14 16 19
1 1 8 10 14 16 20
2 1 8 10 14 16 21
1 1 8 10 14 17 19
1 1 8 10 14 17 20
2 1 8 10 14 17 21
1 1 8 10 14 18 19
2 1 8 10 14 18 20
2 1 8 10 14 18 21
1 1 8 10 15 16 19
1 1 8 10 15 16 20
2 1 8 10 15 16 21
1 1 8 10 15 17 19
2 1 8 10 15 17 20
2 1 8 10 15 17 21
1 1 8 10 15 18 19
2 1 8 10 15 18 20
2 1 8 10 15 18 21
1 1 8 11 13 16 19
1 1 8 11 13 16 20
1 1 8 11 13 16 21
1 1 8 11 13 17 19
1 1 8 11 13 17 20
1 1 8 11 13 17 21
1 1 8 11 13 18 19
1 1 8 11 13 18 20
1 1 8 11 13 18 21
1 1 8 11 14 16 19
1 1 8 11 14 16 20
2 1 8 11 14 16 21
1 1 8 11 14 17 19
2 1 8 11 14 17 20
2 1 8 11 14 17 21
1 1 8 11 14 18 19
2 1 8 11 14 18 20
2 1 8 11 14 18 21
1 1 8 11 15 16 19
1 1 8 11 15 16 20
2 1 8 11 15 16 21
1 1 8 11 15 17 19
2 1 8 11 15 17 20
2 1 8 11 15 17 21
1 1 8 11 15 18 19
2 1 8 11 15 18 20
2 1 8 11 15 18 21
1 1 8 12 13 16 19
1 1 8 12 13 16 20
1 1 8 12 13 16 21
1 1 8 12 13 17 19
1 1 8 12 13 17 20
1 1 8 12 13 17 21
1 1 8 12 13 18 19
1 1 8 12 13 18 20
1 1 8 12 13 18 21
1 1 8 12 14 16 19
1 1 8 12 14 16 20
2 1 8 12 14 16 21
1 1 8 12 14 17 19
2 1 8 12 14 17 20
2 1 8 12 14 17 21
1 1 8 12 14 18 19
2 1 8 12 14 18 20
2 1 8 12 14 18 21
1 1 8 12 15 16 19
1 1 8 12 15 16 20
2 1 8 12 15 16 21
1 1 8 12 15 17 19
2 1 8 12 15 17 20
2 1 8 12 15 17 21
1 1 8 12 15 18 19
2 1 8 12 15 18 20
2 1 8 12 15 18 21
1 2 5 9 13 16 19
1 2 5 9 13 16 20
1 2 5 9 13 16 21
1 2 5 9 13 17 19
1 2 5 9 13 17 20
1 2 5 9 13 17 21
1 2 5 9 13 18 19
1 2 5 9 13 18 20
1 2 5 9 13 18 21
1 2 5 9 14 16 19
1 2 5 9 14 16 20
1 2 5 9 14 16 21
1 2 5 9 14 17 19
1 2 5 9 14 17 20
1 2 5 9 14 17 21
1 2 5 9 14 18 19
1 2 5 9 14 18 20
1 2 5 9 14 18 21
1 2 5 9 15 16 19
1 2 5 9 15 16 20
1 2 5 9 15 16 21
1 2 5 9 15 17 19
1 2 5 9 15 17 20
1 2 5 9 15 17 21
1 2 5 9 15 18 19
1 2 5 9 15 18 20
1 2 5 9 15 18 21
1 2 5 10 13 16 19
1 2 5 10 13 16 20
1 2 5 10 13 16 21
1 2 5 10 13 17 19
1 2 5 10 13 17 20
1 2 5 10 13 17 21
1 2 5 10 13 18 19
1 2 5 10 13 18 20
1 2 5 10 13 18 21
1 2 5 10 14 16 19
1 2 5 10 14 16 20
1 2 5 10 14 16 21
1 2 5 10 14 17 19
1 2 5 10 14 17 20
1 2 5 10 14 17 21
1 2 5 10 14 18 19
1 2 5 10 14 18 20
1 2 5 10 14 18 21
1 2 5 10 15 16 19
1 2 5 10 15 16 20
1 2 5 10 15 16 21
1 2 5 10 15 17 19
1 2 5 10 15 17 20
1 2 5 10 15 17 21
1 2 5 10 15 18 19
1 2 5 10 15 18 20
1 2 5 10 15 18 21
1 2 5 11 13 16 19
1 2 5 11 13 16 20
1 2 5 11 13 16 21
1 2 5 11 13 17 19
1 2 5 11 13 17 20
1 2 5 11 13 17 21
1 2 5 11 13 18 19
1 2 5 11 13 18 20
1 2 5 11 13 18 21
1 2 5 11 14 16 19
1 2 5 11 14 16 20
1 2 5 11 14 16 21
1 2 5 11 14 17 19
1 2 5 11 14 17 20
1 2 5 11 14 17 21
1 2 5 11 14 18 19
1 2 5 11 14 18 20
1 2 5 11 14 18 21
1 2 5 11 15 16 19
1 2 5 11 15 16 20
1 2 5 11 15 16 21
1 2 5 11 15 17 19
1 2 5 11 15 17 20
1 2 5 11 15 17 21
1 2 5 11 15 18 19
1 2 5 11 15 18 20
1 2 5 11 15 18 21
1 2 5 12 13 16 19
1 2 5 12 13 16 20
1 2 5 12 13 16 21
1 2 5 12 13 17 19
1 2 5 12 13 17 20
1 2 5 12 13 17 21
1 2 5 12 13 18 19
1 2 5 12 13 18 20
1 2 5 12 13 18 21
1 2 5 12 14 16 19
1 2 5 12 14 16 20
1 2 5 12 14 16 21
1 2 5 12 14 17 19
1 2 5 12 14 17 20
1 2 5 12 14 17 21
1 2 5 12 14 18 19
1 2 5 12 14 18 20
1 2 5 12 14 18 21
1 2 5 12 15 16 19
1 2 5 12 15 16 20
1 2 5 12 15 16 21
1 2 5 12 15 17 19
1 2 5 12 15 17 20
1 2 5 12 15 17 21
1 2 5 12 15 18 19
1 2 5 12 15 18 20
1 2 5 12 15 18 21
1 2 6 9 13 16 19
1 2 6 9 13 16 20
1 2 6 9 13 16 21
1 2 6 9 13 17 19
1 2 6 9 13 17 20
1 2 6 9 13 17 21
1 2 6 9 13 18 19
1 2 6 9 13 18 20
1 2 6 9 13 18 21
1 2 6 9 14 16 19
1 2 6 9 14 16 20
2 2 6 9 14 16 21
1 2 6 9 14 17 19
1 2 6 9 14 17 20
2 2 6 9 14 17 21
1 2 6 9 14 18 19
2 2 6 9 14 18 20
2 2 6 9 14 18 21
1 2 6 9 15 16 19
1 2 6 9 15 16 20
1 2 6 9 15 16 21
1 2 6 9 15 17 19
1 2 6 9 15 17 20
2 2 6 9 15 17 21
1 2 6 9 15 18 19
2 2 6 9 15 18 20
2 2 6 9 15 18 21
1 2 6 10 13 16 19
1 2 6 10 13 16 20
1 2 6 10 13 16 21
1 2 6 10 13 17 19
1 2 6 10 13 17 20
1 2 6 10 13 17 21
1 2 6 10 13 18 19
1 2 6 10 13 18 20
1 2 6 10 13 18 21
1 2 6 10 14 16 19
1 2 6 10 14 16 20
2 2 6 10 14 16 21
1 2 6 10 14 17 19
1 2 6 10 14 17 20
2 2 6 10 14 17 21
1 2 6 10 14 18 19
2 2 6 10 14 18 20
2 2 6 10 14 18 21
1 2 6 10 15 16 19
1 2 6 10 15 16 20
2 2 6 10 15 16 21
1 2 6 10 15 17 19
2 2 6 10 15 17 20
2 2 6 10 15 17 21
1 2 6 10 15 18 19
2 2 6 10 15 18 20
2 2 6 10 15 18 21
1 2 6 11 13 16 19
1 2 6 11 13 16 20
1 2 6 11 13 16 21
1 2 6 11 13 17 19
1 2 6 11 13 17 20
1 2 6 11 13 17 21
1 2 6 11 13 18 19
1 2 6 11 13 18 20
1 2 6 11 13 18 21
1 2 6 11 14 16 19
1 2 6 11 14 16 20
2 2 6 11 14 16 21
1 2 6 11 14 17 19
2 2 6 11 14 17 20
2 2 6 11 14 17 21
1 2 6 11 14 18 19
2 2 6 11 14 18 20
2 2 6 11 14 18 21
1 2 6 11 15 16 19
1 2 6 11 15 16 20
2 2 6 11 15 16 21
1 2 6 11 15 17 19
2 2 6 11 15 17 20
2 2 6 11 15 17 21
1 2 6 11 15 18 19
2 2 6 11 15 18 20
2 2 6 11 15 18 21
1 2 6 12 13 16 19
1 2 6 12 13 16 20
1 2 6 12 13 16 21
1 2 6 12 13 17 19
1 2 6 12 13 17 20
1 2 6 12 13 17 21
1 2 6 12 13 18 19
1 2 6 12 13 18 20
1 2 6 12 13 18 21
1 2 6 12 14 16 19
1 2 6 12 14 16 20
2 2 6 12 14 16 21
1 2 6 12 14 17 19
2 2 6 12 14 17 20
2 2 6 12 14 17 21
1 2 6 12 14 18 19
2 2 6 12 14 18 20
2 2 6 12 14 18 21
1 2 6 12 15 16 19
1 2 6 12 15 16 20
2 2 6 12 15 16 21
1 2 6 12 15 17 19
2 2 6 12 15 17 20
2 2 6 12 15 17 21
1 2 6 12 15 18 19
2 2 6 12 15 18 20
2 2 6 12 15 18 21
1 2 7 9 13 16 19
1 2 7 9 13 16 20
1 2 7 9 13 16 21
1 2 7 9 13 17 19
1 2 7 9 13 17 20
1 2 7 9 13 17 21
1 2 7 9 13 18 19
1 2 7 9 13 18 20
1 2 7 9 13 18 21
1 2 7 9 14 16 19
1 2 7 9 14 16 20
2 2 7 9 14 16 21
1 2 7 9 14 17 19
1 2 7 9 14 17 20
2 2 7 9 14 17 21
1 2 7 9 14 18 19
2 2 7 9 14 18 20
2 2 7 9 14 18 21
1 2 7 9 15 16 19
1 2 7 9 15 16 20
1 2 7 9 15 16 21
1 2 7 9 15 17 19
1 2 7 9 15 17 20
2 2 7 9 15 17 21
1 2 7 9 15 18 19
2 2 7 9 15 18 20
2 2 7 9 15 18 21
1 2 7 10 13 16 19
1 2 7 10 13 16 20
1 2 7 10 13 16 21
1 2 7 10 13 17 19
1 2 7 10 13 17 20
1 2 7 10 13 17 21
1 2 7 10 13 18 19
1 2 7 10 13 18 20
1 2 7 10 13 18 21
1 2 7 10 14 16 19
1 2 7 10 14 16 20
2 2 7 10 14 16 21
1 2 7 10 14 17 19
1 2 7 10 14 17 20
2 2 7 10 14 17 21
1 2 7 10 14 18 19
2 2 7 10 14 18 20
2 2 7 10 14 18 21
1 2 7 10 15 16 19
1 2 7 10 15 16 20
2 2 7 10 15 16 21
1 2 7 10 15 17 19
2 2 7 10 15 17 20
2 2 7 10 15 17 21
1 2 7 10 15 18 19
2 2 7 10 15 18 20
2 2 7 10 15 18 21
1 2 7 11 13 16 19
1 2 7 11 13 16 20
1 2 7 11 13 16 21
1 2 7 11 13 17 19
1 2 7 11 13 17 20
1 2 7 11 13 17 21
1 2 7 11 13 18 19
1 2 7 11 13 18 20
1 2 7 11 13 18 21
1 2 7 11 14 16 19
1 2 7 11 14 16 20
2 2 7 11 14 16 21
1 2 7 11 14 17 19
2 2 7 11 14 17 20
2 2 7 11 14 17 21
1 2 7 11 14 18 19
2 2 7 11 14 18 20
2 2 7 11 14 18 21
1 2 7 11 15 16 19
1 2 7 11 15 16 20
2 2 7 11 15 16 21
1 2 7 11 15 17 19
2 2 7 11 15 17 20
2 2 7 11 15 17 21
1 2 7 11 15 18 19
2 2 7 11 15 18 20
2 2 7 11 15 18 21
1 2 7 12 13 16 19
1 2 7 12 13 16 20
1 2 7 12 13 16 21
1 2 7 12 13 17 19
1 2 7 12 13 17 20
1 2 7 12 13 17 21
1 2 7 12 13 18 19
1 2 7 12 13 18 20
1 2 7 12 13 18 21
1 2 7 12 14 16 19
1 2 7 12 14 16 20
2 2 7 12 14 16 21
1 2 7 12 14 17 19
2 2 7 12 14 17 20
2 2 7 12 14 17 21
1 2 7 12 14 18 19
2 2 7 12 14 18 20
2 2 7 12 14 18 21
1 2 7 12 15 16 19
1 2 7 12 15 16 20
2 2 7 12 15 16 21
1 2 7 12 15 17 19
2 2 7 12 15 17 20
2 2 7 12 15 17 21
1 2 7 12 15 18 19
2 2 7 12 15 18 20
2 2 7 12 15 18 21
1 2 8 9 13 16 19
1 2 8 9 13 16 20
1 2 8 9 13 16 21
1 2 8 9 13 17 19
1 2 8 9 13 17 20
1 2 8 9 13 17 21
1 2 8 9 13 18 19
1 2 8 9 13 18 20
1 2 8 9 13 18 21
1 2 8 9 14 16 19
1 2 8 9 14 16 20
2 2 8 9 14 16 21
1 2 8 9 14 17 19
1 2 8 9 14 17 20
2 2 8 9 14 17 21
1 2 8 9 14 18 19
2 2 8 9 14 18 20
2 2 8 9 14 18 21
1 2 8 9 15 16 19
1 2 8 9 15 16 20
1 2 8 9 15 16 21
1 2 8 9 15 17 19
1 2 8 9 15 17 20
2 2 8 9 15 17 21
1 2 8 9 15 18 19
2 2 8 9 15 18 20
2 2 8 9 15 18 21
1 2 8 10 13 16 19
1 2 8 10 13 16 20
1 2 8 10 13 16 21
1 2 8 10 13 17 19
1 2 8 10 13 17 20
1 2 8 10 13 17 21
1 2 8 10 13 18 19
1 2 8 10 13 18 20
1 2 8 10 13 18 21
1 2 8 10 14 16 19
1 2 8 10 14 16 20
2 2 8 10 14 16 21
1 2 8 10 14 17 19
1 2 8 10 14 17 20
2 2 8 10 14 17 21
1 2 8 10 14 18 19
2 2 8 10 14 18 20
2 2 8 10 14 18 21
1 2 8 10 15 16 19
1 2 8 10 15 16 20
2 2 8 10 15 16 21
1 2 8 10 15 17 19
2 2 8 10 15 17 20
2 2 8 10 15 17 21
1 2 8 10 15 18 19
2 2 8 10 15 18 20
2 2 8 10 15 18 21
1 2 8 11 13 16 19
1 2 8 11 13 16 20
1 2 8 11 13 16 21
1 2 8 11 13 17 19
1 2 8 11 13 17 20
1 2 8 11 13 17 21
1 2 8 11 13 18 19
1 2 8 11 13 18 20
1 2 8 11 13 18 21
1 2 8 11 14 16 19
1 2 8 11 14 16 20
2 2 8 11 14 16 21
1 2 8 11 14 17 19
2 2 8 11 14 17 20
2 2 8 11 14 17 21
1 2 8 11 14 18 19
2 2 8 11 14 18 20
2 2 8 11 14 18 21
1 2 8 11 15 16 19
1 2 8 11 15 16 20
2 2 8 11 15 16 21
1 2 8 11 15 17 19
2 2 8 11 15 17 20
2 2 8 11 15 17 21
1 2 8 11 15 18 19
2 2 8 11 15 18 20
2 2 8 11 15 18 21
1 2 8 12 13 16 19
1 2 8 12 13 16 20
1 2 8 12 13 16 21
1 2 8 12 13 17 19
1 2 8 12 13 17 20
1 2 8 12 13 17 21
1 2 8 12 13 18 19
1 2 8 12 13 18 20
1 2 8 12 13 18 21
1 2 8 12 14 16 19
1 2 8 12 14 16 20
2 2 8 12 14 16 21
1 2 8 12 14 17 19
2 2 8 12 14 17 20
2 2 8 12 14 17 21
1 2 8 12 14 18 19
2 2 8 12 14 18 20
2 2 8 12 14 18 21
1 2 8 12 15 16 19
1 2 8 12 15 16 20
2 2 8 12 15 16 21
1 2 8 12 15 17 19
2 2 8 12 15 17 20
2 2 8 12 15 17 21
1 2 8 12 15 18 19
2 2 8 12 15 18 20
2 2 8 12 15 18 21
1 3 5 9 13 16 19
1 3 5 9 13 16 20
1 3 5 9 13 16 21
1 3 5 9 13 17 19
1 3 5 9 13 17 20
1 3 5 9 13 17 21
1 3 5 9 13 18 19
1 3 5 9 13 18 20
1 3 5 9 13 18 21
1 3 5 9 14 16 19
1 3 5 9 14 16 20
2 3 5 9 14 16 21
1 3 5 9 14 17 19
1 3 5 9 14 17 20
2 3 5 9 14 17 21
1 3 5 9 14 18 19
2 3 5 9 14 18 20
2 3 5 9 14 18 21
1 3 5 9 15 16 19
1 3 5 9 15 16 20
1 3 5 9 15 16 21
1 3 5 9 15 17 19
1 3 5 9 15 17 20
2 3 5 9 15 17 21
1 3 5 9 15 18 19
2 3 5 9 15 18 20
2 3 5 9 15 18 21
1 3 5 10 13 16 19
1 3 5 10 13 16 20
1 3 5 10 13 16 21
1 3 5 10 13 17 19
1 3 5 10 13 17 20
1 3 5 10 13 17 21
1 3 5 10 13 18 19
1 3 5 10 13 18 20
1 3 5 10 13 18 21
1 3 5 10 14 16 19
1 3 5 10 14 16 20
2 3 5 10 14 16 21
1 3 5 10 14 17 19
1 3 5 10 14 17 20
2 3 5 10 14 17 21
1 3 5 10 14 18 19
2 3 5 10 14 18 20
2 3 5 10 14 18 21
1 3 5 10 15 16 19
1 3 5 10 15 16 20
2 3 5 10 15 16 21
1 3 5 10 15 17 19
2 3 5 10 15 17 20
2 3 5 10 15 17 21
1 3 5 10 15 18 19
2 3 5 10 15 18 20
2 3 5 10 15 18 21
1 3 5 11 13 16 19
1 3 5 11 13 16 20
1 3 5 11 13 16 21
1 3 5 11 13 17 19
1 3 5 11 13 17 20
1 3 5 11 13 17 21
1 3 5 11 13 18 19
1 3 5 11 13 18 20
1 3 5 11 13 18 21
1 3 5 11 14 16 19
1 3 5 11 14 16 20
2 3 5 11 14 16 21
1 3 5 11 14 17 19
2 3 5 11 14 17 20
2 3 5 11 14 17 21
1 3 5 11 14 18 19
2 3 5 11 14 18 20
2 3 5 11 14 18 21
1 3 5 11 15 16 19
1 3 5 11 15 16 20
2 3 5 11 15 16 21
1 3 5 11 15 17 19
2 3 5 11 15 17 20
2 3 5 11 15 17 21
1 3 5 11 15 18 19
2 3 5 11 15 18 20
2 3 5 11 15 18 21
1 3 5 12 13 16 19
1 3 5 12 13 16 20
1 3 5 12 13 16 21
1 3 5 12 13 17 19
1 3 5 12 13 17 20
1 3 5 12 13 17 21
1 3 5 12 13 18 19
1 3 5 12 13 18 20
1 3 5 12 13 18 21
1 3 5 12 14 16 19
1 3 5 12 14 16 20
2 3 5 12 14 16 21
1 3 5 12 14 17 19
2 3 5 12 14 17 20
2 3 5 12 14 17 21
1 3 5 12 14 18 19
2 3 5 12 14 18 20
2 3 5 12 14 18 21
1 3 5 12 15 16 19
1 3 5 12 15 16 20
2 3 5 12 15 16 21
1 3 5 12 15 17 19
2 3 5 12 15 17 20
2 3 5 12 15 17 21
1 3 5 12 15 18 19
2 3 5 12 15 18 20
2 3 5 12 15 18 21
1 3 6 9 13 16 19
1 3 6 9 13 16 20
1 3 6 9 13 16 21
1 3 6 9 13 17 19
1 3 6 9 13 17 20
1 3 6 9 13 17 21
1 3 6 9 13 18 19
1 3 6 9 13 18 20
1 3 6 9 13 18 21
1 3 6 9 14 16 19
1 3 6 9 14 16 20
2 3 6 9 14 16 21
1 3 6 9 14 17 19
1 3 6 9 14 17 20
2 3 6 9 14 17 21
1 3 6 9 14 18 19
2 3 6 9 14 18 20
2 3 6 9 14 18 21
1 3 6 9 15 16 19
1 3 6 9 15 16 20
1 3 6 9 15 16 21
1 3 6 9 15 17 19
1 3 6 9 15 17 20
2 3 6 9 15 17 21
1 3 6 9 15 18 19
2 3 6 9 15 18 20
2 3 6 9 15 18 21
1 3 6 10 13 16 19
1 3 6 10 13 16 20
1 3 6 10 13 16 21
1 3 6 10 13 17 19
1 3 6 10 13 17 20
1 3 6 10 13 17 21
1 3 6 10 13 18 19
1 3 6 10 13 18 20
1 3 6 10 13 18 21
1 3 6 10 14 16 19
1 3 6 10 14 16 20
2 3 6 10 14 16 21
1 3 6 10 14 17 19
1 3 6 10 14 17 20
2 3 6 10 14 17 21
1 3 6 10 14 18 19
2 3 6 10 14 18 20
2 3 6 10 14 18 21
1 3 6 10 15 16 19
1 3 6 10 15 16 20
2 3 6 10 15 16 21
1 3 6 10 15 17 19
2 3 6 10 15 17 20
2 3 6 10 15 17 21
1 3 6 10 15 18 19
2 3 6 10 15 18 20
2 3 6 10 15 18 21
1 3 6 11 13 16 19
1 3 6 11 13 16 20
1 3 6 11 13 16 21
1 3 6 11 13 17 19
1 3 6 11 13 17 20
1 3 6 11 13 17 21
1 3 6 11 13 18 19
1 3 6 11 13 18 20
1 3 6 11 13 18 21
1 3 6 11 14 16 19
1 3 6 11 14 16 20
2 3 6 11 14 16 21
1 3 6 11 14 17 19
2 3 6 11 14 17 20
2 3 6 11 14 17 21
1 3 6 11 14 18 19
2 3 6 11 14 18 20
2 3 6 11 14 18 21
1 3 6 11 15 16 19
1 3 6 11 15 16 20
2 3 6 11 15 16 21
1 3 6 11 15 17 19
2 3 6 11 15 17 20
2 3 6 11 15 17 21
1 3 6 11 15 18 19
2 3 6 11 15 18 20
2 3 6 11 15 18 21
1 3 6 12 13 16 19
1 3 6 12 13 16 20
1 3 6 12 13 16 21
1 3 6 12 13 17 19
1 3 6 12 13 17 20
1 3 6 12 13 17 21
1 3 6 12 13 18 19
1 3 6 12 13 18 20
1 3 6 12 13 18 21
1 3 6 12 14 16 19
1 3 6 12 14 16 20
2 3 6 12 14 16 21
1 3 6 12 14 17 19
2 3 6 12 14 17 20
2 3 6 12 14 17 21
1 3 6 12 14 18 19
2 3 6 12 14 18 20
2 3 6 12 14 18 21
1 3 6 12 15 16 19
1 3 6 12 15 16 20
2 3 6 12 15 16 21
1 3 6 12 15 17 19
2 3 6 12 15 17 20
2 3 6 12 15 17 21
1 3 6 12 15 18 19
2 3 6 12 15 18 20
2 3 6 12 15 18 21
1 3 7 9 13 16 19
1 3 7 9 13 16 20
1 3 7 9 13 16 21
1 3 7 9 13 17 19
1 3 7 9 13 17 20
1 3 7 9 13 17 21
1 3 7 9 13 18 19
1 3 7 9 13 18 20
1 3 7 9 13 18 21
1 3 7 9 14 16 19
2 3 7 9 14 16 20
2 3 7 9 14 16 21
1 3 7 9 14 17 19
2 3 7 9 14 17 20
2 3 7 9 14 17 21
1 3 7 9 14 18 19
2 3 7 9 14 18 20
3 3 7 9 14 18 21
1 3 7 9 15 16 19
1 3 7 9 15 16 20
1 3 7 9 15 16 21
1 3 7 9 15 17 19
2 3 7 9 15 17 20
2 3 7 9 15 17 21
1 3 7 9 15 18 19
2 3 7 9 15 18 20
3 3 7 9 15 18 21
1 3 7 10 13 16 19
1 3 7 10 13 16 20
1 3 7 10 13 16 21
1 3 7 10 13 17 19
1 3 7 10 13 17 20
1 3 7 10 13 17 21
1 3 7 10 13 18 19
1 3 7 10 13 18 20
1 3 7 10 13 18 21
1 3 7 10 14 16 19
2 3 7 10 14 16 20
2 3 7 10 14 16 21
1 3 7 10 14 17 19
2 3 7 10 14 17 20
2 3 7 10 14 17 21
1 3 7 10 14 18 19
2 3 7 10 14 18 20
3 3 7 10 14 18 21
1 3 7 10 15 16 19
2 3 7 10 15 16 20
2 3 7 10 15 16 21
1 3 7 10 15 17 19
2 3 7 10 15 17 20
3 3 7 10 15 17 21
1 3 7 10 15 18 19
2 3 7 10 15 18 20
3 3 7 10 15 18 21
1 3 7 11 13 16 19
1 3 7 11 13 16 20
1 3 7 11 13 16 21
1 3 7 11 13 17 19
1 3 7 11 13 17 20
1 3 7 11 13 17 21
1 3 7 11 13 18 19
1 3 7 11 13 18 20
1 3 7 11 13 18 21
1 3 7 11 14 16 19
2 3 7 11 14 16 20
2 3 7 11 14 16 21
1 3 7 11 14 17 19
2 3 7 11 14 17 20
3 3 7 11 14 17 21
1 3 7 11 14 18 19
2 3 7 11 14 18 20
3 3 7 11 14 18 21
1 3 7 11 15 16 19
2 3 7 11 15 16 20
2 3 7 11 15 16 21
1 3 7 11 15 17 19
2 3 7 11 15 17 20
3 3 7 11 15 17 21
1 3 7 11 15 18 19
2 3 7 11 15 18 20
3 3 7 11 15 18 21
1 3 7 12 13 16 19
1 3 7 12 13 16 20
1 3 7 12 13 16 21
1 3 7 12 13 17 19
1 3 7 12 13 17 20
1 3 7 12 13 17 21
1 3 7 12 13 18 19
1 3 7 12 13 18 20
1 3 7 12 13 18 21
1 3 7 12 14 16 19
2 3 7 12 14 16 20
2 3 7 12 14 16 21
1 3 7 12 14 17 19
2 3 7 12 14 17 20
3 3 7 12 14 17 21
1 3 7 12 14 18 19
2 3 7 12 14 18 20
3 3 7 12 14 18 21
1 3 7 12 15 16 19
2 3 7 12 15 16 20
2 3 7 12 15 16 21
1 3 7 12 15 17 19
2 3 7 12 15 17 20
3 3 7 12 15 17 21
1 3 7 12 15 18 19
2 3 7 12 15 18 20
3 3 7 12 15 18 21
1 3 8 9 13 16 19
1 3 8 9 13 16 20
1 3 8 9 13 16 21
1 3 8 9 13 17 19
1 3 8 9 13 17 20
1 3 8 9 13 17 21
1 3 8 9 13 18 19
1 3 8 9 13 18 20
1 3 8 9 13 18 21
1 3 8 9 14 16 19
2 3 8 9 14 16 20
4 3 8 9 14 16 21
1 3 8 9 14 17 19
2 3 8 9 14 17 20
4 3 8 9 14 17 21
1 3 8 9 14 18 19
4 3 8 9 14 18 20
3 3 8 9 14 18 21
1 3 8 9 15 16 19
1 3 8 9 15 16 20
1 3 8 9 15 16 21
1 3 8 9 15 17 19
2 3 8 9 15 17 20
4 3 8 9 15 17 21
1 3 8 9 15 18 19
4 3 8 9 15 18 20
3 3 8 9 15 18 21
1 3 8 10 13 16 19
1 3 8 10 13 16 20
1 3 8 10 13 16 21
1 3 8 10 13 17 19
1 3 8 10 13 17 20
1 3 8 10 13 17 21
1 3 8 10 13 18 19
1 3 8 10 13 18 20
1 3 8 10 13 18 21
1 3 8 10 14 16 19
2 3 8 10 14 16 20
4 3 8 10 14 16 21
1 3 8 10 14 17 19
2 3 8 10 14 17 20
4 3 8 10 14 17 21
1 3 8 10 14 18 19
4 3 8 10 14 18 20
3 3 8 10 14 18 21
1 3 8 10 15 16 19
2 3 8 10 15 16 20
4 3 8 10 15 16 21
1 3 8 10 15 17 19
4 3 8 10 15 17 20
3 3 8 10 15 17 21
1 3 8 10 15 18 19
4 3 8 10 15 18 20
3 3 8 10 15 18 21
1 3 8 11 13 16 19
1 3 8 11 13 16 20
1 3 8 11 13 16 21
1 3 8 11 13 17 19
1 3 8 11 13 17 20
1 3 8 11 13 17 21
1 3 8 11 13 18 19
1 3 8 11 13 18 20
1 3 8 11 13 18 21
1 3 8 11 14 16 19
2 3 8 11 14 16 20
4 3 8 11 14 16 21
1 3 8 11 14 17 19
4 3 8 11 14 17 20
3 3 8 11 14 17 21
1 3 8 11 14 18 19
4 3 8 11 14 18 20
3 3 8 11 14 18 21
1 3 8 11 15 16 19
2 3 8 11 15 16 20
4 3 8 11 15 16 21
1 3 8 11 15 17 19
4 3 8 11 15 17 20
3 3 8 11 15 17 21
1 3 8 11 15 18 19
4 3 8 11 15 18 20
3 3 8 11 15 18 21
1 3 8 12 13 16 19
1 3 8 12 13 16 20
1 3 8 12 13 16 21
1 3 8 12 13 17 19
1 3 8 12 13 17 20
1 3 8 12 13 17 21
1 3 8 12 13 18 19
1 3 8 12 13 18 20
1 3 8 12 13 18 21
1 3 8 12 14 16 19
2 3 8 12 14 16 20
4 3 8 12 14 16 21
1 3 8 12 14 17 19
4 3 8 12 14 17 20
3 3 8 12 14 17 21
1 3 8 12 14 18 19
4 3 8 12 14 18 20
3 3 8 12 14 18 21
1 3 8 12 15 16 19
2 3 8 12 15 16 20
4 3 8 12 15 16 21
1 3 8 12 15 17 19
4 3 8 12 15 17 20
3 3 8 12 15 17 21
1 3 8 12 15 18 19
4 3 8 12 15 18 20
3 3 8 12 15 18 21
1 4 5 9 13 16 19
1 4 5 9 13 16 20
1 4 5 9 13 16 21
1 4 5 9 13 17 19
1 4 5 9 13 17 20
1 4 5 9 13 17 21
1 4 5 9 13 18 19
1 4 5 9 13 18 20
1 4 5 9 13 18 21
1 4 5 9 14 16 19
1 4 5 9 14 16 20
2 4 5 9 14 16 21
1 4 5 9 14 17 19
1 4 5 9 14 17 20
2 4 5 9 14 17 21
1 4 5 9 14 18 19
2 4 5 9 14 18 20
2 4 5 9 14 18 21
1 4 5 9 15 16 19
1 4 5 9 15 16 20
1 4 5 9 15 16 21
1 4 5 9 15 17 19
1 4 5 9 15 17 20
2 4 5 9 15 17 21
1 4 5 9 15 18 19
2 4 5 9 15 18 20
2 4 5 9 15 18 21
1 4 5 10 13 16 19
1 4 5 10 13 16 20
1 4 5 10 13 16 21
1 4 5 10 13 17 19
1 4 5 10 13 17 20
1 4 5 10 13 17 21
1 4 5 10 13 18 19
1 4 5 10 13 18 20
1 4 5 10 13 18 21
1 4 5 10 14 16 19
1 4 5 10 14 16 20
2 4 5 10 14 16 21
1 4 5 10 14 17 19
1 4 5 10 14 17 20
2 4 5 10 14 17 21
1 4 5 10 14 18 19
2 4 5 10 14 18 20
2 4 5 10 14 18 21
1 4 5 10 15 16 19
1 4 5 10 15 16 20
2 4 5 10 15 16 21
1 4 5 10 15 17 19
2 4 5 10 15 17 20
2 4 5 10 15 17 21
1 4 5 10 15 18 19
2 4 5 10 15 18 20
2 4 5 10 15 18 21
1 4 5 11 13 16 19
1 4 5 11 13 16 20
1 4 5 11 13 16 21
1 4 5 11 13 17 19
1 4 5 11 13 17 20
1 4 5 11 13 17 21
1 4 5 11 13 18 19
1 4 5 11 13 18 20
1 4 5 11 13 18 21
1 4 5 11 14 16 19
1 4 5 11 14 16 20
2 4 5 11 14 16 21
1 4 5 11 14 17 19
2 4 5 11 14 17 20
2 4 5 11 14 17 21
1 4 5 11 14 18 19
2 4 5 11 14 18 20
2 4 5 11 14 18 21
1 4 5 11 15 16 19
1 4 5 11 15 16 20
2 4 5 11 15 16 21
1 4 5 11 15 17 19
2 4 5 11 15 17 20
2 4 5 11 15 17 21
1 4 5 11 15 18 19
2 4 5 11 15 18 20
2 4 5 11 15 18 21
1 4 5 12 13 16 19
1 4 5 12 13 16 20
1 4 5 12 13 16 21
1 4 5 12 13 17 19
1 4 5 12 13 17 20
1 4 5 12 13 17 21
1 4 5 12 13 18 19
1 4 5 12 13 18 20
1 4 5 12 13 18 21
1 4 5 12 14 16 19
1 4 5 12 14 16 20
2 4 5 12 14 16 21
1 4 5 12 14 17 19
2 4 5 12 14 17 20
2 4 5 12 14 17 21
1 4 5 12 14 18 19
2 4 5 12 14 18 20
2 4 5 12 14 18 21
1 4 5 12 15 16 19
1 4 5 12 15 16 20
2 4 5 12 15 16 21
1 4 5 12 15 17 19
2 4 5 12 15 17 20
2 4 5 12 15 17 21
1 4 5 12 15 18 19
2 4 5 12 15 18 20
2 4 5 12 15 18 21
1 4 6 9 13 16 19
1 4 6 9 13 16 20
1 4 6 9 13 16 21
1 4 6 9 13 17 19
1 4 6 9 13 17 20
1 4 6 9 13 17 21
1 4 6 9 13 18 19
1 4 6 9 13 18 20
1 4 6 9 13 18 21
1 4 6 9 14 16 19
2 4 6 9 14 16 20
2 4 6 9 14 16 21
1 4 6 9 14 17 19
2 4 6 9 14 17 20
2 4 6 9 14 17 21
1 4 6 9 14 18 19
2 4 6 9 14 18 20
3 4 6 9 14 18 21
1 4 6 9 15 16 19
1 4 6 9 15 16 20
1 4 6 9 15 16 21
1 4 6 9 15 17 19
2 4 6 9 15 17 20
2 4 6 9 15 17 21
1 4 6 9 15 18 19
2 4 6 9 15 18 20
3 4 6 9 15 18 21
1 4 6 10 13 16 19
1 4 6 10 13 16 20
1 4 6 10 13 16 21
1 4 6 10 13 17 19
1 4 6 10 13 17 20
1 4 6 10 13 17 21
1 4 6 10 13 18 19
1 4 6 10 13 18 20
1 4 6 10 13 18 21
1 4 6 10 14 16 19
2 4 6 10 14 16 20
2 4 6 10 14 16 21
1 4 6 10 14 17 19
2 4 6 10 14 17 20
2 4 6 10 14 17 21
1 4 6 10 14 18 19
2 4 6 10 14 18 20
3 4 6 10 14 18 21
1 4 6 10 15 16 19
2 4 6 10 15 16 20
2 4 6 10 15 16 21
1 4 6 10 15 17 19
2 4 6 10 15 17 20
3 4 6 10 15 17 21
1 4 6 10 15 18 19
2 4 6 10 15 18 20
3 4 6 10 15 18 21
1 4 6 11 13 16 19
1 4 6 11 13 16 20
1 4 6 11 13 16 21
1 4 6 11 13 17 19
1 4 6 11 13 17 20
1 4 6 11 13 17 21
1 4 6 11 13 18 19
1 4 6 11 13 18 20
1 4 6 11 13 18 21
1 4 6 11 14 16 19
2 4 6 11 14 16 20
2 4 6 11 14 16 21
1 4 6 11 14 17 19
2 4 6 11 14 17 20
3 4 6 11 14 17 21
1 4 6 11 14 18 19
2 4 6 11 14 18 20
3 4 6 11 14 18 21
1 4 6 11 15 16 19
2 4 6 11 15 16 20
2 4 6 11 15 16 21
1 4 6 11 15 17 19
2 4 6 11 15 17 20
3 4 6 11 15 17 21
1 4 6 11 15 18 19
2 4 6 11 15 18 20
3 4 6 11 15 18 21
1 4 6 12 13 16 19
1 4 6 12 13 16 20
1 4 6 12 13 16 21
1 4 6 12 13 17 19
1 4 6 12 13 17 20
1 4 6 12 13 17 21
1 4 6 12 13 18 19
1 4 6 12 13 18 20
1 4 6 12 13 18 21
1 4 6 12 14 16 19
2 4 6 12 14 16 20
2 4 6 12 14 16 21
1 4 6 12 14 17 19
2 4 6 12 14 17 20
3 4 6 12 14 17 21
1 4 6 12 14 18 19
2 4 6 12 14 18 20
3 4 6 12 14 18 21
1 4 6 12 15 16 19
2 4 6 12 15 16 20
2 4 6 12 15 16 21
1 4 6 12 15 17 19
2 4 6 12 15 17 20
3 4 6 12 15 17 21
1 4 6 12 15 18 19
2 4 6 12 15 18 20
3 4 6 12 15 18 21
1 4 7 9 13 16 19
1 4 7 9 13 16 20
1 4 7 9 13 16 21
1 4 7 9 13 17 19
1 4 7 9 13 17 20
1 4 7 9 13 17 21
1 4 7 9 13 18 19
1 4 7 9 13 18 20
1 4 7 9 13 18 21
1 4 7 9 14 16 19
2 4 7 9 14 16 20
4 4 7 9 14 16 21
1 4 7 9 14 17 19
2 4 7 9 14 17 20
4 4 7 9 14 17 21
1 4 7 9 14 18 19
4 4 7 9 14 18 20
3 4 7 9 14 18 21
1 4 7 9 15 16 19
1 4 7 9 15 16 20
1 4 7 9 15 16 21
1 4 7 9 15 17 19
2 4 7 9 15 17 20
4 4 7 9 15 17 21
1 4 7 9 15 18 19
4 4 7 9 15 18 20
3 4 7 9 15 18 21
1 4 7 10 13 16 19
1 4 7 10 13 16 20
1 4 7 10 13 16 21
1 4 7 10 13 17 19
1 4 7 10 13 17 20
1 4 7 10 13 17 21
1 4 7 10 13 18 19
1 4 7 10 13 18 20
1 4 7 10 13 18 21
1 4 7 10 14 16 19
2 4 7 10 14 16 20
4 4 7 10 14 16 21
1 4 7 10 14 17 19
2 4 7 10 14 17 20
4 4 7 10 14 17 21
1 4 7 10 14 18 19
4 4 7 10 14 18 20
3 4 7 10 14 18 21
1 4 7 10 15 16 19
2 4 7 10 15 16 20
4 4 7 10 15 16 21
1 4 7 10 15 17 19
4 4 7 10 15 17 20
3 4 7 10 15 17 21
1 4 7 10 15 18 19
4 4 7 10 15 18 20
3 4 7 10 15 18 21
1 4 7 11 13 16 19
1 4 7 11 13 16 20
1 4 7 11 13 16 21
1 4 7 11 13 17 19
1 4 7 11 13 17 20
1 4 7 11 13 17 21
1 4 7 11 13 18 19
1 4 7 11 13 18 20
1 4 7 11 13 18 21
1 4 7 11 14 16 19
2 4 7 11 14 16 20
4 4 7 11 14 16 21
1 4 7 11 14 17 19
4 4 7 11 14 17 20
3 4 7 11 14 17 21
1 4 7 11 14 18 19
4 4 7 11 14 18 20
3 4 7 11 14 18 21
1 4 7 11 15 16 19
2 4 7 11 15 16 20
4 4 7 11 15 16 21
1 4 7 11 15 17 19
4 4 7 11 15 17 20
3 4 7 11 15 17 21
1 4 7 11 15 18 19
4 4 7 11 15 18 20
3 4 7 11 15 18 21
1 4 7 12 13 16 19
1 4 7 12 13 16 20
1 4 7 12 13 16 21
1 4 7 12 13 17 19
1 4 7 12 13 17 20
1 4 7 12 13 17 21
1 4 7 12 13 18 19
1 4 7 12 13 18 20
1 4 7 12 13 18 21
1 4 7 12 14 16 19
2 4 7 12 14 16 20
4 4 7 12 14 16 21
1 4 7 12 14 17 19
4 4 7 12 14 17 20
3 4 7 12 14 17 21
1 4 7 12 14 18 19
4 4 7 12 14 18 20
3 4 7 12 14 18 21
1 4 7 12 15 16 19
2 4 7 12 15 16 20
4 4 7 12 15 16 21
1 4 7 12 15 17 19
4 4 7 12 15 17 20
3 4 7 12 15 17 21
1 4 7 12 15 18 19
4 4 7 12 15 18 20
3 4 7 12 15 18 21
1 4 8 9 13 16 19
1 4 8 9 13 16 20
1 4 8 9 13 16 21
1 4 8 9 13 17 19
1 4 8 9 13 17 20
1 4 8 9 13 17 21
1 4 8 9 13 18 19
1 4 8 9 13 18 20
1 4 8 9 13 18 21
1 4 8 9 14 16 19
2 4 8 9 14 16 20
4 4 8 9 14 16 21
1 4 8 9 14 17 19
2 4 8 9 14 17 20
4 4 8 9 14 17 21
1 4 8 9 14 18 19
4 4 8 9 14 18 20
3 4 8 9 14 18 21
1 4 8 9 15 16 19
1 4 8 9 15 16 20
1 4 8 9 15 16 21
1 4 8 9 15 17 19
2 4 8 9 15 17 20
4 4 8 9 15 17 21
1 4 8 9 15 18 19
4 4 8 9 15 18 20
3 4 8 9 15 18 21
1 4 8 10 13 16 19
1 4 8 10 13 16 20
1 4 8 10 13 16 21
1 4 8 10 13 17 19
1 4 8 10 13 17 20
1 4 8 10 13 17 21
1 4 8 10 13 18 19
1 4 8 10 13 18 20
1 4 8 10 13 18 21
1 4 8 10 14 16 19
2 4 8 10 14 16 20
4 4 8 10 14 16 21
1 4 8 10 14 17 19
2 4 8 10 14 17 20
4 4 8 10 14 17 21
1 4 8 10 14 18 19
4 4 8 10 14 18 20
3 4 8 10 14 18 21
1 4 8 10 15 16 19
2 4 8 10 15 16 20
4 4 8 10 15 16 21
1 4 8 10 15 17 19
4 4 8 10 15 17 20
3 4 8 10 15 17 21
1 4 8 10 15 18 19
4 4 8 10 15 18 20
3 4 8 10 15 18 21
1 4 8 11 13 16 19
1 4 8 11 13 16 20
1 4 8 11 13 16 21
1 4 8 11 13 17 19
1 4 8 11 13 17 20
1 4 8 11 13 17 21
1 4 8 11 13 18 19
1 4 8 11 13 18 20
1 4 8 11 13 18 21
1 4 8 11 14 16 19
2 4 8 11 14 16 20
4 4 8 11 14 16 21
1 4 8 11 14 17 19
4 4 8 11 14 17 20
3 4 8 11 14 17 21
1 4 8 11 14 18 19
4 4 8 11 14 18 20
3 4 8 11 14 18 21
1 4 8 11 15 16 19
2 4 8 11 15 16 20
4 4 8 11 15 16 21
1 4 8 11 15 17 19
4 4 8 11 15 17 20
3 4 8 11 15 17 21
1 4 8 11 15 18 19
4 4 8 11 15 18 20
3 4 8 11 15 18 21
1 4 8 12 13 16 19
1 4 8 12 13 16 20
1 4 8 12 13 16 21
1 4 8 12 13 17 19
1 4 8 12 13 17 20
1 4 8 12 13 17 21
1 4 8 12 13 18 19
1 4 8 12 13 18 20
1 4 8 12 13 18 21
1 4 8 12 14 16 19
2 4 8 12 14 16 20
4 4 8 12 14 16 21
1 4 8 12 14 17 19
4 4 8 12 14 17 20
3 4 8 12 14 17 21
1 4 8 12 14 18 19
4 4 8 12 14 18 20
3 4 8 12 14 18 21
1 4 8 12 15 16 19
2 4 8 12 15 16 20
4 4 8 12 15 16 21
1 4 8 12 15 17 19
4 4 8 12 15 17 20
3 4 8 12 15 17 21
1 4 8 12 15 18 19
4 4 8 12 15 18 20
3 4 8 12 15 18 21
